Enter a number of discretizations: Ganhos dos subsistemas 2x2 (todos os autovalores são complexos):
         0.0
         0.0
         0.0
         0.0
         0.0
         0.0
         0.0
         0.0
         0.0
         0.0
         0.0
         0.0
         0.0
         0.0
         0.0
         0.0
         0.0
         0.0
         0.0
         0.0
         0.0
         0.0
         0.0
         0.0
         0.0
         0.0
         0.0
         0.0
         0.0
         0.0
         0.0
         0.0
         0.0
         0.0
         0.0
         0.0
         0.0
         0.0
         0.0
         0.0
         0.0
         0.0
         0.0
         0.0
         0.0
         0.0
         0.0
         0.0
         0.0
         0.0
         0.0
         0.0
         0.0
         0.0
         0.0
         0.0
         0.0
         0.0
         0.0
         0.0
         0.0
         0.0
         0.0
         0.0
         0.0
         0.0
         0.0
         0.0
         0.0
         0.0
         0.0
         0.0
         0.0
         0.0
         0.0
         0.0
         0.0
         0.0
         0.0
         0.0
         0.0
         0.0
         0.0
         0.0
         0.0
         0.0
         0.0
         0.0
         0.0
      0.0021
         1.0
         0.0
         0.0
         0.0
         0.0
         0.0
         0.0
         0.0
         0.0
         0.0
         0.0
         0.0
         0.0
         0.0
         0.0
         0.0
         0.0
         0.0
         0.0
         0.0
         0.0
         0.0
         0.0
         0.0
         0.0
         0.0
     0.00052
     0.00023
     0.00013
     8.3e-05
     5.8e-05
     1.2e-05
     4.2e-05
     1.4e-05
     3.2e-05
     1.7e-05
     2.6e-05
     2.1e-05
         0.0
         0.0
         0.0
         0.0
     1.1e-05
     9.2e-06
       8e-06
         0.0
         0.0
         0.0
         0.0
         0.0
     2.1e-06
     2.3e-06
     2.4e-06
     7.1e-06
     4.6e-06
     5.1e-06
     5.7e-06
     4.2e-06
     3.9e-06
     3.5e-06
     3.3e-06
     1.9e-06
       2e-06
     2.6e-06
         0.0
         0.0
         0.0
     1.5e-06
     1.7e-06
     2.8e-06
         0.0
         0.0
     1.3e-06
     1.4e-06
     1.5e-06
         0.0
         0.0
         0.0
         0.0
         0.0
     1.2e-06
     1.2e-06
         0.0
         0.0
         0.0
         0.0
         0.0
     1.1e-06
     1.1e-06
     9.7e-07
     9.3e-07
     8.9e-07
     8.5e-07
     8.1e-07
         0.0
         0.0
     2.3e-10
     4.2e-10
     7.4e-10
     1.3e-09
     7.8e-07
     3.9e-07
     3.3e-07
     3.2e-07
     3.1e-07
     3.5e-07
       3e-07
       3e-07
     2.1e-09
     1.3e-10
     3.3e-09
       5e-09
     7.4e-07
     4.2e-07
     4.1e-07
     3.8e-07
     3.6e-07
     2.4e-07
     2.3e-07
     2.5e-07
     2.5e-07
     2.9e-07
     2.6e-07
     2.3e-07
     4.4e-07
     2.2e-07
     2.1e-07
     6.1e-07
     6.3e-07
     5.8e-07
     7.3e-09
     2.1e-08
     2.5e-08
     2.9e-08
     1.7e-08
       2e-07
     1.9e-07
     4.5e-07
     1.9e-07
     5.6e-07
     1.8e-07
     3.2e-08
     3.6e-08
     1.8e-07
         0.0
         0.0
     5.4e-07
     3.9e-08
     4.2e-08
     1.5e-07
     1.5e-07
     1.5e-07
     1.6e-07
     1.4e-07
     6.1e-08
     6.4e-08
     6.6e-08
     1.4e-07
     1.2e-07
     1.1e-07
       8e-08
     8.2e-08
     8.5e-08
     8.8e-08
     1.1e-07
     1.2e-07
     9.1e-08
     1.7e-07
     5.8e-08
     1.2e-07
     6.9e-08
     9.4e-08
     7.7e-08
     1.1e-07
     6.6e-07
     5.6e-08
       1e-07
     1.3e-07
     1.7e-07
     7.4e-08
     2.7e-07
         0.0
     7.1e-07
     4.7e-07
     5.2e-07
       1e-08
     1.3e-07
       1e-07
       5e-08
     5.3e-08
     6.3e-06
     4.9e-07
         0.0
     4.5e-08
         0.0
       3e-06
       5e-07
     6.8e-07
     1.3e-08
     1.6e-07
     1.3e-07
     4.8e-08
     9.7e-08
       1e-06
     2.1e-07
     3.7e-07
     7.1e-08
     1.6e-06
         0.0
     2.8e-07


Maiores ganhos
[ 0.00212403  1.00175317]
Índices
[176 177 178 179]

Autovalores
(-0.12+1.6e+03j) (-0.12-1.6e+03j) (-0.12+9.2j) (-0.12-9.2j)


Matriz A_R
       -0.12      1.6e+03          0.0          0.0
    -1.6e+03        -0.12          0.0          0.0
         0.0          0.0        -0.12          9.2
         0.0          0.0         -9.2        -0.12


Vetor B_R
    -9.4e+04
        -7.3
     7.7e+02
       1e+01


Vetor C_R
         0.0          0.0      6.9e-07     -2.5e-05


Constante D_R
        -1.0


